0000
0000
0000
0000
0000
0000
0000
0000
0000
0000
1000
1000
1000
1000
1000
1000
1000
1000
1000
1000
0100
0100
0100
0100
0100
0100
0100
0100
0100
0100
0010
0010
0010
0010
0010
0010
0010
0010
0010
0010
0001
0001
0001
0001
0001
0001
0001
0001
0001
0001
1100
1100
1100
1100
1100
1100
1100
1100
1100
1100
1010
1010
1010
1010
1010
1010
1010
1010
1010
1010
1001
1001
1001
1001
1001
1001
1001
1001
1001
1001
0110
0110
0110
0110
0110
0110
0110
0110
0110
0110
0101
0101
0101
0101
0101
0101
0101
0101
0101
0101
0011
0011
0011
0011
0011
0011
0011
0011
0011
0011
1110
1110
1110
1110
1110
1110
1110
1110
1110
1110
1101
1101
1101
1101
1101
1101
1101
1101
1101
1101
1011
1011
1011
1011
1011
1011
1011
1011
1011
1011
0111
0111
0111
0111
0111
0111
0111
0111
0111
0111
1111
1111
1111
1111
1111
1111
1111
1111
1111
1111
